image: ../worlds/bitmaps/hospital_section.png
resolution: 0.041667
origin: [-22.625181, -9.2292405, 0.000000]
negate: 0
occupied_thresh: 0.65
free_thresh: 0.196
